Duration (s): 276.7440116405487
Max k value tested: 50

[[1.07603758 1.0058926  0.98169498 0.96954435 0.96129764 0.95635032
  0.95255508 0.95046481 0.94796914 0.94596387 0.94433789 0.94311004
  0.94192075 0.9413434  0.94062602 0.93993335 0.9391761  0.93860388
  0.93812746 0.93767594 0.93713851 0.93697929 0.93667484 0.93643628
  0.93610598 0.93577    0.93551933 0.93541096 0.93500302 0.93477009
  0.93454955 0.93444484 0.93427389 0.9341453  0.93389727 0.93379072
  0.93366668 0.93360236 0.93339811 0.93328902 0.93319438 0.933093
  0.93307172 0.93287945 0.93278172 0.93260083 0.93251907 0.93245361
  0.93242746 0.93230697]
 [1.07213017 1.0035708  0.97858305 0.96627842 0.95976918 0.95502615
  0.9514005  0.94917977 0.94666721 0.94481342 0.94330843 0.94192804
  0.94091922 0.94000083 0.9393473  0.93871796 0.93811085 0.93771566
  0.93741586 0.93704222 0.93670404 0.93626395 0.93588544 0.93552625
  0.93527561 0.93513603 0.93481161 0.93452323 0.9343588  0.93409118
  0.93394114 0.93386696 0.93370494 0.93350552 0.93339822 0.9331603
  0.93308587 0.93299329 0.93283477 0.93268617 0.93260062 0.9325011
  0.93242392 0.93233844 0.93226328 0.93223385 0.93204944 0.93198707
  0.93190035 0.93187719]
 [1.07474817 1.00682715 0.98062674 0.96985751 0.96307241 0.95733406
  0.95377973 0.95020039 0.94763905 0.94576868 0.94415864 0.94320617
  0.94214991 0.94147252 0.94079893 0.94017325 0.93942537 0.93886594
  0.9384125  0.93797127 0.93772965 0.93747251 0.93726281 0.93711616
  0.9367726  0.93641049 0.93613146 0.93578522 0.93566888 0.93550714
  0.93540403 0.93524319 0.93507172 0.93490256 0.9346602  0.93451258
  0.93437139 0.93422725 0.93410084 0.93406933 0.93387609 0.9338039
  0.93375456 0.93361782 0.93352201 0.93350111 0.93343892 0.9333704
  0.93336175 0.9333183 ]
 [1.07240705 1.00659445 0.98210693 0.96821003 0.96097669 0.95541188
  0.95173394 0.94887405 0.94664238 0.94528172 0.94359973 0.94242981
  0.9413981  0.94056718 0.93987455 0.93938326 0.93864386 0.93816244
  0.93790233 0.93732364 0.93700982 0.93680315 0.93641498 0.9361071
  0.93574855 0.935525   0.93522201 0.93495565 0.93461607 0.9343168
  0.93420442 0.9340117  0.93379748 0.93358857 0.93342164 0.93335376
  0.93324597 0.93316425 0.93305696 0.93295535 0.93290582 0.93277569
  0.93277554 0.93284499 0.93278164 0.93279047 0.93266772 0.9325866
  0.93249633 0.9323799 ]
 [1.07601972 1.00538947 0.98107935 0.96764527 0.961012   0.95515962
  0.95160564 0.94915242 0.94744808 0.94556322 0.94385982 0.94282599
  0.94196754 0.94108423 0.94018918 0.93955114 0.93901701 0.93830764
  0.93773468 0.93756497 0.93746257 0.9370622  0.93687028 0.9364817
  0.93613564 0.93602706 0.93588817 0.93570367 0.93541659 0.93523266
  0.93500176 0.93486878 0.93480471 0.93472958 0.93458703 0.93427114
  0.93418336 0.93405799 0.93395274 0.93372988 0.93355941 0.93341454
  0.93332168 0.93313681 0.93299481 0.9329143  0.9328993  0.93288685
  0.93274302 0.93267338]]